$ANSIBLE_VAULT;1.1;AES256
65643464646533666130313336643464623835393037346630633538326234653865643861343761
3834633161383831396266313761366233323736646435350a343562623135303661393065393864
63646432396634393638613665643134393438363461373561323937323138393132623833633161
6636363431363230640a316363613430373830313134323061613361626562623035353939353430
35336136386233353536643034626565656632663461336230336336666366623837353734623661
62353665303066643364373635616666326565636633393061663261613461623735366134633134
32613536323035653334616233623033656634643738356630333762616664366664386166393764
64636631666230363263656134373034323731643563643164353332363966613930386262373531
36636136363835333164613865333265666466313036323637646331653864306330383532356531
36336363653136643235333236326437316166623632333931646562313439333261633230663437
66666232656138346635333837623165396439303762636264373331646566336335343639383034
35383965646239316363326465653135626165336664363661643861323261346136376239306339
63323364323266656163613634376362626138616365303739646630306361623930613662303265
61363135623132646361656431333239336334373339646366393038623933393034353533373963
66613735383361306161613263306539303863393563346533613162666634646636323964613933
61326331366265613432613136373462366232316633353334656639353536386130373137643638
39613636396564366130636362373039343562323061383239373830633364316163313361623837
37326638636336643333656262366565383436313230323536343831366335366361653963346331
32303534363164616462393837363166303233643438373965633337353765343262326266376435
65393739623039343135396162666335393035613733353063343863383136623362633565633131
35633536653836303665643764633061386138383434373363396361376462303231383264636237
61303433646636363539303535353938623139383262373961313030326431323439316630373138
33656466623430363362383833303132373038663632646365663832333364633264353135636366
39653530653061663533396465333264353666306634313132666630383965333066323434333463
62616433626337393163653161383864373237393136303761313635353532383663396135303962
35613834303739623139313564623037643234383433376334363530633933343565333463363065
34663533643261646164373439633339353530663638346262353634396330373937323464636363
66313061646533633534633663616164623666383966386366653763303262353038366661633164
33346161373330636533383136343936363239303366663066373563623166356266326535333437
30306462306430616663306362643034383737623531303562316532346534356136613335616338
62666238376539373430376532373137353330333965663432363731326430663834663132646264
37383461393433636535
